%YAML:1.0
---
m_t: !!opencv-matrix
   rows: 3
   cols: 1
   dt: d
   data: [ 5.2894862253057950e-01, 1.1704223974754289e-02,
       1.7658027085430739e-01 ]
m_r: !!opencv-matrix
   rows: 3
   cols: 3
   dt: d
   data: [ 8.6495929372556213e-01, -1.8151586808391018e-01,
       -4.6786473454570304e-01, 1.3981789455330118e-01,
       9.8254453354335425e-01, -1.2270776652989202e-01,
       4.8197134412790416e-01, 4.0721360952417213e-02,
       8.7524019229107863e-01 ]
m_e: !!opencv-matrix
   rows: 3
   cols: 3
   dt: d
   data: [ -1.9047981129414547e-02, -1.7302136793036069e-01,
       3.1911777892057243e-02, -1.0220333221165662e-01,
       -5.3591628933963201e-02, -5.4557277564502449e-01,
       6.3832805426285208e-02, 5.2184007996773407e-01,
       -5.9430110436778462e-02 ]
m_f: !!opencv-matrix
   rows: 3
   cols: 3
   dt: d
   data: [ 4.1609479629506212e-07, 3.7795759222221148e-06,
       -1.5440743561342418e-03, 2.2325869817046011e-06,
       1.1706856371231274e-06, 8.3407545338628920e-03,
       -1.5535457169494381e-03, -8.6348124382420160e-03, 1. ]
m_proj1: !!opencv-matrix
   rows: 3
   cols: 4
   dt: d
   data: [ 6.2519294086164439e+02, 0., 2.2918623256683350e+02, 0., 0.,
       6.2519294086164439e+02, 2.4422822189331055e+02, 0., 0., 0., 1.,
       0. ]
m_proj2: !!opencv-matrix
   rows: 3
   cols: 4
   dt: d
   data: [ 6.2519294086164439e+02, 0., 2.2918623256683350e+02,
       3.4871210307908939e+02, 0., 6.2519294086164439e+02,
       2.4422822189331055e+02, 0., 0., 0., 1., 0. ]
m_r1: !!opencv-matrix
   rows: 3
   cols: 3
   dt: d
   data: [ 9.7578727774390972e-01, -1.3862783799733147e-01,
       -1.6917893227383685e-01, 1.2952384985672594e-01,
       9.8952387279386067e-01, -6.3765801879470521e-02,
       1.7624630751145443e-01, 4.0309151606368346e-02,
       9.8352041737086104e-01 ]
m_r2: !!opencv-matrix
   rows: 3
   cols: 3
   dt: d
   data: [ 9.4833228317746665e-01, 2.0984067208073432e-02,
       3.1658419039304575e-01, -3.7747657097808522e-02,
       9.9818558313527994e-01, 4.6911150108557002e-02,
       -3.1502538797220686e-01, -5.6437669550472760e-02,
       9.4740371246299859e-01 ]
m_error: 9.7852694999046418e-315
