%YAML:1.0
---
m_t: !!opencv-matrix
   rows: 3
   cols: 1
   dt: d
   data: [ 4.8549492333868155e-01, 3.6796224638239644e-02,
       1.5762073599150836e-01 ]
m_r: !!opencv-matrix
   rows: 3
   cols: 3
   dt: d
   data: [ 8.2488586747482595e-01, -2.3186499453511966e-01,
       -5.1555982189221528e-01, 2.2007398330608813e-01,
       9.7177910032156578e-01, -8.4928334788808332e-02,
       5.2070216776204759e-01, -4.3405120520938548e-02,
       8.5263429909924882e-01 ]
m_e: !!opencv-matrix
   rows: 3
   cols: 3
   dt: d
   data: [ -1.5528349286697885e-02, -1.5476968157898935e-01,
       4.4760189839869159e-02, -1.2277914147954469e-01,
       -1.5473765429473336e-02, -4.9521254225142219e-01,
       7.6492115973514671e-02, 4.8032557623740996e-01,
       -2.2261620366777608e-02 ]
m_f: !!opencv-matrix
   rows: 3
   cols: 3
   dt: d
   data: [ 4.5419935003944289e-07, 4.5269646812495835e-06,
       -2.2047615327604950e-03, 3.5912514092004119e-06,
       4.5260278932224704e-07, 1.0119542958687434e-02,
       -2.4259748151498760e-03, -1.0356970763932417e-02, 1. ]
m_proj1: !!opencv-matrix
   rows: 3
   cols: 4
   dt: d
   data: [ 6.2519294086164439e+02, 0., 2.5867101097106934e+02, 0., 0.,
       6.2519294086164439e+02, 2.5151265144348145e+02, 0., 0., 0., 1.,
       0. ]
m_proj2: !!opencv-matrix
   rows: 3
   cols: 4
   dt: d
   data: [ 6.2519294086164439e+02, 0., 2.5867101097106934e+02,
       3.1995196550862414e+02, 0., 6.2519294086164439e+02,
       2.5151265144348145e+02, 0., 0., 0., 1., 0. ]
m_r1: !!opencv-matrix
   rows: 3
   cols: 3
   dt: d
   data: [ 9.5873906595132130e-01, -1.6345978434589237e-01,
       -2.3259471687977418e-01, 1.5889755217721532e-01,
       9.8654997962912483e-01, -3.8349779736816338e-02,
       2.3573495992507576e-01, -1.9129915723436509e-04,
       9.7181736559590015e-01 ]
m_r2: !!opencv-matrix
   rows: 3
   cols: 3
   dt: d
   data: [ 9.4866739891093899e-01, 7.1900605009930618e-02,
       3.0799426819789910e-01, -7.7902454857281922e-02,
       9.9693485180404207e-01, 7.2186415385164810e-03,
       -3.0653119542839780e-01, -3.0841599466603330e-02,
       9.5136082638060049e-01 ]
m_error: 1.6269100420173036e+219
