%YAML:1.0
---
m_t: !!opencv-matrix
   rows: 3
   cols: 1
   dt: d
   data: [ 6.4506908597869694e-01, -3.7935788962365720e-02,
       5.8412171965525606e-01 ]
m_r: !!opencv-matrix
   rows: 3
   cols: 3
   dt: d
   data: [ 9.3282169943870219e-01, -2.5258734028989144e-01,
       -2.5698893474538964e-01, 2.0261744995618944e-01,
       9.5743676786508247e-01, -2.0557481488089771e-01,
       2.9797625078106915e-01, 1.3969420555392723e-01,
       9.4429639568575852e-01 ]
m_e: !!opencv-matrix
   rows: 3
   cols: 3
   dt: d
   data: [ -1.2965721746599976e-01, -5.6455902120768120e-01,
       8.4258085601383370e-02, 3.5266614747316988e-01,
       -2.3765416506647077e-01, -7.5924923135383948e-01,
       1.6608958037599544e-01, 6.0803076069332396e-01,
       -1.4235903592962479e-01 ]
m_f: !!opencv-matrix
   rows: 3
   cols: 3
   dt: d
   data: [ 2.5584659040226689e-06, 1.1140182049233256e-05,
       -4.3269629221612494e-03, -6.9589979751782273e-06,
       4.6895197209595030e-06, 2.2385533962530041e-02,
       -2.5207711051184593e-03, -2.1731457678620465e-02, 1. ]
m_proj1: !!opencv-matrix
   rows: 3
   cols: 4
   dt: d
   data: [ 1.0674257858529452e+03, 0., -5.2733891296386719e+02, 0., 0.,
       1.0674257858529452e+03, 1.7714774513244629e+02, 0., 0., 0., 1.,
       0. ]
m_proj2: !!opencv-matrix
   rows: 3
   cols: 4
   dt: d
   data: [ 1.0674257858529452e+03, 0., -5.2733891296386719e+02,
       9.2979552589267246e+02, 0., 1.0674257858529452e+03,
       1.7714774513244629e+02, 0., 0., 0., 1., 0. ]
m_r1: !!opencv-matrix
   rows: 3
   cols: 3
   dt: d
   data: [ 8.8179849499107510e-01, -1.3507511093627900e-01,
       4.5186959251207304e-01, 1.9211343759913796e-01,
       9.7789190176070673e-01, -8.2582416800856873e-02,
       -4.3072478605870501e-01, 1.5963127161173732e-01,
       8.8825335113260495e-01 ]
m_r2: !!opencv-matrix
   rows: 3
   cols: 3
   dt: d
   data: [ 7.4055354844731047e-01, -4.3551123034527198e-02,
       6.7058462669862073e-01, -4.6572763888169715e-02,
       9.9217206161811788e-01, 1.1586879566246672e-01,
       -6.7038154773674519e-01, -1.1703802726842735e-01,
       7.3272824473142917e-01 ]
m_error: 1.8353675598515928e+255
