%YAML:1.0
---
calibration_time: "Fri 09 Jun 2017 11:24:39 AM PDT"
image_width: 640
image_height: 480
board_width: 4
board_height: 11
square_size: 1.6000000759959221e-02
aspectRatio: 1.
flags: 2
camera_matrix: !!opencv-matrix
   rows: 3
   cols: 3
   dt: d
   data: [ 7.7531156392295873e+02, 0., 2.7969471373447038e+02, 0.,
       7.7531156392295873e+02, 2.3474223069434527e+02, 0., 0., 1. ]
distortion_coefficients: !!opencv-matrix
   rows: 5
   cols: 1
   dt: d
   data: [ -6.1567563769979017e-02, 2.8220209068848134e-01,
       -4.0114048873542973e-03, -3.0883070680297292e-03,
       -7.9638230108804087e-01 ]
avg_reprojection_error: 3.2996384977060883e-01
