%YAML:1.0
---
m_pnp_r: !!opencv-matrix
   rows: 3
   cols: 3
   dt: d
   data: [ 3.2968399321345448e-01, -9.4407842375255835e-01,
       -4.9390711389663000e-03, 4.8396481099713545e-01,
       1.7349382338605207e-01, -8.5771671020413054e-01,
       8.1060873813162049e-01, 2.8038513343573385e-01,
       5.1409887240966401e-01 ]
m_pnp_t: !!opencv-matrix
   rows: 3
   cols: 1
   dt: d
   data: [ -3.8110404109250423e-01, 6.4547074187138592e-02,
       3.3121192738943750e-01 ]
m_scale: 5.3733890077141541e-04
m_scale_error: 1.3863909503446722e-05
