%YAML:1.0
---
m_pnp_r: !!opencv-matrix
   rows: 3
   cols: 3
   dt: d
   data: [ 2.9171956911816760e-01, -9.5645786650030074e-01,
       -9.3831020032568713e-03, 4.6142129549491839e-01,
       1.4931278739203319e-01, -8.7452620291504857e-01,
       8.3784848335322659e-01, 2.5078684401482143e-01,
       4.8488748984871083e-01 ]
m_pnp_t: !!opencv-matrix
   rows: 3
   cols: 1
   dt: d
   data: [ -3.1990906822352305e-01, 4.6206455093687961e-02,
       -1.0302870665310641e-01 ]
m_pnp_r2: !!opencv-matrix
   rows: 3
   cols: 3
   dt: d
   data: [ -2.7941156771393594e-01, -9.6013012946962184e-01,
       -8.9056337387138362e-03, 4.1180420289564551e-01,
       -1.1145189775830200e-01, -9.0443118752260832e-01,
       8.6737908339152536e-01, -2.5637591339812055e-01,
       4.2652657211967149e-01 ]
m_pnp_t2: !!opencv-matrix
   rows: 3
   cols: 1
   dt: d
   data: [ 2.7589053424934490e-01, -1.3061612687214797e-04,
       -1.0472173557485301e-01 ]
m_scale: 5.9551648684480994e-04
m_scale_error: 2.2119372674264932e-05
