%YAML:1.0
---
m_pnp_r: !!opencv-matrix
   rows: 3
   cols: 3
   dt: d
   data: [ 2.9090296673898858e-01, -9.5673507605404906e-01,
       -5.7843055164366608e-03, 4.1770042322460721e-01,
       1.3243968441759657e-01, -8.9888046281435607e-01,
       8.6075653955136389e-01, 2.5907088651413551e-01,
       4.3815574329265716e-01 ]
m_pnp_t: !!opencv-matrix
   rows: 3
   cols: 1
   dt: d
   data: [ -2.9718055380900610e-01, 4.0766649725447100e-02,
       -1.0214816213360330e-01 ]
m_scale: 5.9551648684480994e-04
m_scale_error: 2.2119372674264932e-05
