%YAML:1.0
---
calibration_time: "Fri 09 Jun 2017 11:36:56 AM PDT"
image_width: 640
image_height: 480
board_width: 4
board_height: 11
square_size: 1.6000000759959221e-02
aspectRatio: 1.
flags: 2
camera_matrix: !!opencv-matrix
   rows: 3
   cols: 3
   dt: d
   data: [ 6.2519294086164439e+02, 0., 3.2305063788775806e+02, 0.,
       6.2519294086164439e+02, 2.4516725026489871e+02, 0., 0., 1. ]
distortion_coefficients: !!opencv-matrix
   rows: 5
   cols: 1
   dt: d
   data: [ 5.0775375834751786e-02, -1.7814363731531976e-01,
       5.4858586443090850e-03, -3.5216789805628474e-03,
       -1.7466234505206324e-01 ]
avg_reprojection_error: 2.0578991435343014e-01
