%YAML:1.0
---
min1: 28
min2: 53
min3: 211
max1: 68
max2: 255
max3: 255
