%YAML:1.0
---
min1: 0
min2: 110
min3: 118
max1: 107
max2: 255
max3: 255
