%YAML:1.0
---
min1: 0
min2: 232
min3: 80
max1: 21
max2: 255
max3: 204
