%YAML:1.0
---
m_t: !!opencv-matrix
   rows: 3
   cols: 1
   dt: d
   data: [ 1.2846572770775857e+00, -3.6049267246937589e-01,
       1.6597431864593903e+00 ]
m_r: !!opencv-matrix
   rows: 3
   cols: 3
   dt: d
   data: [ 2.4896650502371864e-01, -3.0404244043281584e-02,
       -9.6803474179413163e-01, 2.0044689284777628e-01,
       9.7948398508308665e-01, 2.0788605374766872e-02,
       9.4754246476025894e-01, -1.9921522258580612e-01,
       2.4995314074070155e-01 ]
m_e: !!opencv-matrix
   rows: 3
   cols: 3
   dt: d
   data: [ -6.7427248005069740e-01, -1.5538762425012054e+00,
       -1.2461002182449191e-01, -8.0404686232457390e-01,
       2.0546004850920171e-01, -1.9277931881297254e+00,
       3.4725616031584750e-01, 1.2473407220283670e+00,
       -3.2226319793758024e-01 ]
m_f: !!opencv-matrix
   rows: 3
   cols: 3
   dt: d
   data: [ 3.4249352892441090e-06, 7.8928411517852079e-06,
       -1.4476383037645890e-03, 4.0841181487554989e-06,
       -1.0436246346819056e-06, 1.0434108538535505e-02,
       -5.0136117033413698e-03, -1.0591743045878045e-02, 1. ]
m_proj1: !!opencv-matrix
   rows: 3
   cols: 4
   dt: d
   data: [ 1.0674257858529452e+03, 0., -3.2407017707824707e+02, 0., 0.,
       1.0674257858529452e+03, 1.8792756843566895e+02, 0., 0., 0., 1.,
       0. ]
m_proj2: !!opencv-matrix
   rows: 3
   cols: 4
   dt: d
   data: [ 1.0674257858529452e+03, 0., -3.2407017707824707e+02,
       2.2731525039843546e+03, 0., 1.0674257858529452e+03,
       1.8792756843566895e+02, 0., 0., 0., 1., 0. ]
m_r1: !!opencv-matrix
   rows: 3
   cols: 3
   dt: d
   data: [ 8.5475400746348473e-01, -3.3941296444337060e-01,
       -3.9267598130376669e-01, 3.2873448353827955e-01,
       9.3948145356790358e-01, -9.6479208821173973e-02,
       4.0165809596961138e-01, -4.6620145534976044e-02,
       9.1460228294727308e-01 ]
m_r2: !!opencv-matrix
   rows: 3
   cols: 3
   dt: d
   data: [ 6.0324870466574043e-01, -1.6927996407208951e-01,
       7.7938135343543991e-01, 1.4667487805859450e-01,
       9.8409517565045446e-01, 1.0021559463475521e-01,
       -7.8394992216697257e-01, 5.3860737325562458e-02,
       6.1848325806697790e-01 ]
