%YAML:1.0
---
m_t: !!opencv-matrix
   rows: 3
   cols: 1
   dt: d
   data: [ -1.6904540706522007e-02, -1.4585015321455155e-01,
       -8.1623872264431434e-04 ]
m_r: !!opencv-matrix
   rows: 3
   cols: 3
   dt: d
   data: [ 9.6202160257395886e-01, -2.7296803911077633e-01,
       -1.6987657430131229e-03, 2.7296703466483979e-01,
       9.6202305321067094e-01, -8.0192113241168744e-04,
       1.8531506458190901e-03, 3.0775840548010971e-04,
       9.9999823555716727e-01 ]
m_e: !!opencv-matrix
   rows: 3
   cols: 3
   dt: d
   data: [ -4.7476041923524349e-05, 7.4035385751472125e-04,
       -1.4585055042937484e-01, -7.5391262351363799e-04,
       2.2800959805971611e-04, 1.6905897477806468e-02,
       1.3569661578208994e-01, -5.6074988190594803e-02,
       -2.3420913546782192e-04 ]
m_f: !!opencv-matrix
   rows: 3
   cols: 3
   dt: d
   data: [ 2.0270789962438121e-01, -3.1610801860307398e+00,
       6.2273638531667484e+02, 3.2189718902626594e+00,
       -9.7352990780772697e-01, -7.2182912267865717e+01,
       -5.7938224959091463e+02, 2.3942271969275498e+02, 1. ]
m_proj1: !!opencv-matrix
   rows: 3
   cols: 4
   dt: d
   data: [ 1., 0., 9.4745854918077384e+01, 0., 0., 1.,
       3.4452257417445071e+02, 0., 0., 0., 1., 0. ]
m_proj2: !!opencv-matrix
   rows: 3
   cols: 4
   dt: d
   data: [ 1., 0., 9.4745854918077384e+01, 0., 0., 1.,
       3.4452257417445071e+02, -1.4682880144869045e-01, 0., 0., 1., 0. ]
m_r1: !!opencv-matrix
   rows: 3
   cols: 3
   dt: d
   data: [ 9.2419676501337689e-01, -3.8191404144487373e-01,
       -1.4157987330295921e-03, 3.8191641714494023e-01,
       9.2418558377817139e-01, 4.5669521315968575e-03,
       -4.3572236706608785e-04, -4.7614791655097690e-03,
       9.9998856916575551e-01 ]
m_r2: !!opencv-matrix
   rows: 3
   cols: 3
   dt: d
   data: [ 9.9334998508430283e-01, -1.1513372646336205e-01,
       1.7934234058924710e-04, 1.1513095891087366e-01,
       9.9333476658201214e-01, 5.5591186101832338e-03,
       -8.1818902346971346e-04, -5.5015025328620255e-03,
       9.9998453189867020e-01 ]
