%YAML:1.0
---
m_t: !!opencv-matrix
   rows: 3
   cols: 1
   dt: d
   data: [ 5.6851121136520200e-01, 5.7304273980202700e-02,
       2.3433092069099618e-01 ]
m_r: !!opencv-matrix
   rows: 3
   cols: 3
   dt: d
   data: [ 9.5960850692241273e-01, -1.7167345106289350e-01,
       -2.2288952340182785e-01, 2.3120563159662422e-01,
       9.3260900197269103e-01, 2.7709999162307308e-01,
       1.6029806411851558e-01, -3.1744082226402037e-01,
       9.3463140060678407e-01 ]
m_e: !!opencv-matrix
   rows: 3
   cols: 3
   dt: d
   data: [ -4.4992864336236713e-02, -2.3672984192849000e-01,
       -1.1374722309630297e-02, 1.3373469831852702e-01,
       1.4024026855631549e-01, -5.8357833697004580e-01,
       7.6453324899038264e-02, 5.4003629591642166e-01,
       1.7030697422325575e-01 ]
m_f: !!opencv-matrix
   rows: 3
   cols: 3
   dt: d
   data: [ -9.1943250680430258e-07, -4.8375918095172130e-06,
       1.2643124332935702e-03, 2.7328784405195089e-06,
       2.8658202489632085e-06, -1.3177808428707435e-02,
       1.4772895621604800e-03, 1.1477856870988035e-02,
       9.9999999999999989e-01 ]
m_proj1: !!opencv-matrix
   rows: 3
   cols: 4
   dt: d
   data: [ 9.2197373330458629e+02, 0., 1.5921119689941406e+01, 0., 0.,
       9.2197373330458629e+02, 1.6966376495361328e+02, 0., 0., 0., 1.,
       0. ]
m_proj2: !!opencv-matrix
   rows: 3
   cols: 4
   dt: d
   data: [ 9.2197373330458629e+02, 0., 1.5921119689941406e+01,
       5.6938858300232687e+02, 0., 9.2197373330458629e+02,
       1.6966376495361328e+02, 0., 0., 0., 1., 0. ]
m_r1: !!opencv-matrix
   rows: 3
   cols: 3
   dt: d
   data: [ 9.6564688150939137e-01, -1.9194731604982535e-01,
       1.7516371796823632e-01, 1.6674488315639369e-01,
       9.7469894608416441e-01, 1.4885599901777422e-01,
       -1.9930440078520098e-01, -1.1453467755962567e-01,
       9.7322123048357534e-01 ]
m_r2: !!opencv-matrix
   rows: 3
   cols: 3
   dt: d
   data: [ 9.2055306273281245e-01, 9.2789067067789222e-02,
       3.7943675062640958e-01, -4.0498566135548988e-02,
       9.8881336343793524e-01, -1.4355486208248849e-01,
       -3.8851245132454049e-01, 1.1678322362071977e-01,
       9.1401299435322547e-01 ]
m_error: 2.1219957914593380e-314
