%YAML:1.0
---
m_t: !!opencv-matrix
   rows: 3
   cols: 1
   dt: d
   data: [ 8.9477316690119491e-01, -1.0877841534802077e+00,
       8.2311344526136954e-01 ]
m_r: !!opencv-matrix
   rows: 3
   cols: 3
   dt: d
   data: [ -4.0868494147479929e-02, 8.2312718240103444e-01,
       -5.6638450524237638e-01, -5.4904274409998988e-01,
       4.5510501227623884e-01, 7.0102174927187366e-01,
       8.3479448449140503e-01, 3.3961900623136321e-01,
       4.3333255043805669e-01 ]
m_e: !!opencv-matrix
   rows: 3
   cols: 3
   dt: d
   data: [ -4.5615174695053035e-01, -7.4403522780958564e-01,
       -1.0483927088000047e+00, -7.8059111162040118e-01,
       3.7364507724892576e-01, -8.5393303992954039e-01,
       -5.3572481521269755e-01, 1.3026004584216753e+00,
       1.1151361083225120e-02 ]
m_f: !!opencv-matrix
   rows: 3
   cols: 3
   dt: d
   data: [ -5.9444062438658812e-07, -9.6960006914697434e-07,
       -1.5857030086185260e-03, -1.0172383880677642e-06,
       4.8692088653321371e-07, -1.2580761420336599e-03,
       -4.2716679908206011e-04, 2.4580272085065872e-03, 1. ]
m_proj1: !!opencv-matrix
   rows: 3
   cols: 4
   dt: d
   data: [ 1.0674257858529452e+03, 0., 3.2154145431518555e+02, 0., 0.,
       1.0674257858529452e+03, -3.4233595609664917e+01, 0., 0., 0., 1.,
       0. ]
m_proj2: !!opencv-matrix
   rows: 3
   cols: 4
   dt: d
   data: [ 1.0674257858529452e+03, 0., 3.2154145431518555e+02,
       1.7413798345154635e+03, 0., 1.0674257858529452e+03,
       -3.4233595609664917e+01, 0., 0., 0., 1., 0. ]
m_r1: !!opencv-matrix
   rows: 3
   cols: 3
   dt: d
   data: [ 7.6487425006044929e-01, 3.1936166985629083e-01,
       -5.5944213768813211e-01, -2.8036118567904939e-01,
       9.4692697130930314e-01, 1.5724794616028451e-01,
       5.7996981573104567e-01, 3.6570956148173198e-02,
       8.1381667346356656e-01 ]
m_r2: !!opencv-matrix
   rows: 3
   cols: 3
   dt: d
   data: [ 5.4847537102977451e-01, -6.6678666644263429e-01,
       5.0454960987802822e-01, 7.0183646912310416e-01,
       6.9511571591346599e-01, 1.5569107906018134e-01,
       -4.5453309888562055e-01, 2.6871859434067608e-01,
       8.4922904982872893e-01 ]
m_error: 2.1881333369898037e+00
