%YAML:1.0
---
calibration_time: "Tue 06 Jun 2017 10:31:08 AM PDT"
image_width: 640
image_height: 480
board_width: 7
board_height: 7
square_size: 2.4000000208616257e-02
aspectRatio: 1.
flags: 2
camera_matrix: !!opencv-matrix
   rows: 3
   cols: 3
   dt: d
   data: [ 9.5471733872525454e+02, 0., 4.1673812359298961e+02, 0.,
       9.5471733872525454e+02, 2.2801996097169746e+02, 0., 0., 1. ]
distortion_coefficients: !!opencv-matrix
   rows: 5
   cols: 1
   dt: d
   data: [ 2.7238866819965218e-01, -1.0729835721339327e+00,
       9.9496824030520753e-04, 5.2772623980663035e-02,
       1.9739757765082482e+00 ]
avg_reprojection_error: 7.7776543036052592e-01
