%YAML:1.0
---
calibration_time: "Sun 04 Jun 2017 03:21:34 PM PDT"
image_width: 640
image_height: 480
board_width: 7
board_height: 7
square_size: 2.4000000208616257e-02
aspectRatio: 1.
flags: 2
camera_matrix: !!opencv-matrix
   rows: 3
   cols: 3
   dt: d
   data: [ 1.3781784184863482e+03, 0., 3.2288047004362267e+02, 0.,
       1.3781784184863482e+03, 1.0856996793671529e+02, 0., 0., 1. ]
distortion_coefficients: !!opencv-matrix
   rows: 5
   cols: 1
   dt: d
   data: [ 1.2711828732727365e-01, -3.9515423397015650e+00,
       4.1972844989472784e-02, 1.5199693333082175e-03,
       1.5287085349987613e+01 ]
avg_reprojection_error: 2.9001399800134947e-01
