%YAML:1.0
---
m_pnp_r: !!opencv-matrix
   rows: 3
   cols: 3
   dt: d
   data: [ 8.3210317379054637e-03, 5.6056192133486626e-01,
       8.2807070518173720e-01, -9.9713596710235675e-01,
       6.6902322869464292e-02, -3.5269566279122096e-02,
       -7.5170629514885692e-02, -8.2540560426013165e-01,
       5.5951314990293355e-01 ]
m_pnp_t: !!opencv-matrix
   rows: 3
   cols: 1
   dt: d
   data: [ -1.1637849294521393e-03, 8.1965514089028379e-04,
       7.6260183615948232e-02 ]
m_scale: 1.0347781327172097e-03
m_scale_error: 5.4919329624715090e-05
