%YAML:1.0
---
m_pnp_r: !!opencv-matrix
   rows: 3
   cols: 3
   dt: d
   data: [ 2.1680879521535845e-01, 4.1689832296397267e-01,
       8.8271724500379611e-01, -2.9201398456931371e-02,
       -9.0105080749038491e-01, 4.3272938500763414e-01,
       9.7577724130327226e-01, -1.1959611461394873e-01,
       -1.8318172595491874e-01 ]
m_pnp_t: !!opencv-matrix
   rows: 3
   cols: 1
   dt: d
   data: [ -6.2713451321871305e-01, -2.3817160739328222e-01,
       5.3473222693957545e-01 ]
