%YAML:1.0
---
calibration_time: "Tue 06 Jun 2017 10:42:15 AM PDT"
image_width: 640
image_height: 480
board_width: 7
board_height: 7
square_size: 2.5000000372529030e-02
aspectRatio: 1.
flags: 2
camera_matrix: !!opencv-matrix
   rows: 3
   cols: 3
   dt: d
   data: [ 9.5448235401386489e+02, 0., 2.4760906905071496e+02, 0.,
       9.5448235401386489e+02, 8.8399853467714394e+01, 0., 0., 1. ]
distortion_coefficients: !!opencv-matrix
   rows: 5
   cols: 1
   dt: d
   data: [ -1.9393065512710020e-01, 1.1756737099295340e+00,
       8.5924209120287025e-03, -1.7520895859505030e-03,
       -2.3450931466161768e+00 ]
avg_reprojection_error: 5.1358236406320157e-01
