%YAML:1.0
---
min1: 0
min2: 142
min3: 62
max1: 182
max2: 217
max3: 186
