%YAML:1.0
---
min1: 0
min2: 208
min3: 48
max1: 13
max2: 255
max3: 176
